x1 = 1
x2 = 2.3333333333333333333333333333333333333333333333333
x3 = -0.23456790123456790123456790123456790123456790123457
x4 = 1.4364009049609144445636172845778427583369241991742
x5 = 2.1151840176223590403518765081559608533961564756701
x6 = 0.62740383543901509943112695334767709124927428700418
x7 = 2.2117476794083445410207725035687209696768391300295
x8 = 0.2719180864435633101232886616498890431684060526643
x9 = 1.9318829289112319728414262547648426444692911723768
x10 = 1.1951766954547790102983136685708497717159990430318
x11 = 2.2927610409500285923649606357257636879868027006589
x12 = -0.058065265043730060182407204035043202092656197322977
x13 = 1.608666658755022217907837229205236357529897771669
x14 = 1.887692951130076999056111552956417286562165684059
x15 = 1.3121675716812824792411121180386347104435149592708
x16 = 2.2257446436635897200986589654429531687619696603441
x17 = 0.21701008323933409812372000201689266632294042802505
x18 = 1.8802701707409473241270499489791015621242304997512
x19 = 1.3310911420421786304754094268622298906530617974813
x20 = 2.2116137702980958096043159919769095734683557341903
x21 = 0.27243919798166571941569631754736788048858487223439
!
x1 = 0.1000000000000000055511151231257827021181583404541
x2 = 166.73333333333331483331699966280972215150648050187
x3 = -154505913.52345672153980088573919463435682137247153
x4 = 122945903768618947029979769.20094798529886974290754
x5 = -6.1947093801014357455909956872051425279190501206215e+79
x6 = 7.9239468730488450981258905231176848697104363996484e+240
x7 = -1.658453925343359612764488363063450174785431932166e+724
x8 = 1.5205089367533709049233143513371334567211020219979e+2174
x9 = -1.1717789078908564772209406499089150923305223205486e+6524
x10 = 5.3630985136879504660955760627207997428638476728936e+19573
x11 = -5.141928919565077826233928691905114266022465311661e+58722
x12 = 4.5316561743622927609746818913380970740697792970447e+176169
x13 = -3.1020557615383655727777612879998440989907310913262e+528510
x14 = 9.950102305695072827403645425188791149602155629935e+1585532
x15 = -3.2836842029038466441259759889924602042951859221301e+4756600
x16 = 1.1802197999114469276159777621566066365376377088821e+14269803
x17 = -5.4798343974173289741104791695880124313070373635537e+42809410
x18 = 5.485055770515120308334069466864468479305433646194e+128428233
x19 = -5.5007497593889417133484558391103929166898538497057e+385284702
x20 = 5.5481016646754580886571901665814785607712934924869e+1155854109
x21 = -5.6926171524292836777445648457286260725193234941474e+-827404966
