x1 = 1
x2 = 2.3333333333333333333333333333333333333333333333333
x3 = 1.861678004535147392290249433106575963718820861678
x4 = 1.7220018800586070020930596389444060219492065837996
x5 = 1.7100597366002945363083937781130238234234126715581
x6 = 1.7099759507821890245491349326712960445380545285608
x7 = 1.7099759466766969992100105616342265339675921460907
x8 = 1.7099759466766969893531088725438601666866969734406
x9 = 1.7099759466766969893531088725438601098680551105431
!
x1 = 0.1000000000000000055511151231257827021181583404541
x2 = 166.73333333333331483331699966280972215150648050187
x3 = 111.15561550758432786990095246859855858706387070041
x4 = 74.103878563642142072029290454083771593291097258405
x5 = 49.402889214808138168176599334545639105107744036015
x6 = 32.935942356003265137913041328629785517165877247785
x7 = 21.958831319084614096719371436660324401946075276557
x8 = 14.642677329592777566140984229524492865377736034259
x9 = 9.769558228208444121778271843397523837564352648885
x10 = 6.5305010164005072886061620429171949019512850285225
x11 = 4.3927474515114527713271899608759646964318820187956
x12 = 3.014870957829454526466987914106983760160140811638
x13 = 2.1932767976339200973152392158067147196533170292493
x14 = 1.8086515201092951572845289099356771294752954036817
x15 = 1.715261539556623961855185462220137425987716183465
x16 = 1.7099922175455468163417773552744426569426967735495
x17 = 1.7099759468315166024051483861625498656908110728632
x18 = 1.7099759466766969893671260946160613000883439844459
x19 = 1.7099759466766969893531088725438601098681700142147
